16.131     xs16_660uhar                             19  3759
16.1856    xs16_39u06a4z32                          16  2455
16.1739    xs16_g88r2qkz121                         20  2256
16.1880    xs16_259q453z032                         24  2017
16.665     xs16_699mkiczx1                          18  1896
16.829     xs16_0md1e8z1226                         23  1496
16.748     xs16_39ege2z321                          17  1390
16.799     xs16_c8al56z311                          17  1200
16.228     xs16_178bp2sg                            20  1064
16.159     xs16_2egmd1e8                            21  974
16.2309    xs16_8kk31e8z641                         21  794
16.19      xs16_caarz39c                            18  512
16.810     xs16_ca9la4z311                          16  476
16.1881    xs16_259q453zw32                         19  441
16.834     xs16_8u15a4z1226                         25  432
16.774     xs16_69raa4z32                           21  432
16.360     xs16_2egu16413                           16  366
16.848     xs16_ca9b8oz0252                         18  363
16.2014    xs16_25a8kk8z0253                        17  348
16.1717    xs16_4aajk46zx121                        16  336
16.827     xs16_ciaj2ak8zw1                         23  335
16.995     xs16_0raik8z643                          16  325
16.1722    xs16_4aq32acz032                         17  319
16.265     xs16_259m861ac                           17  277
16.716     xs16_3pmk46zx23                          17  275
16.1757    xs16_g8idik8z123                         18  271
16.2060    xs16_69akg4czx56                         16  268
16.1703    xs16_4a9la8ozx121                        26  250
16.18      xs16_caarzbd                             19  213
16.1684    xs16_4aab9k8zx32                         19  170
16.2174    xs16_08u164koz32                         26  163
16.353     xs16_321fgc453                           23  157
16.668     xs16_gbq1daz121                          17  156
16.1740    xs16_69acga6zx32                         23  155
16.1990    xs16_8e1tazx1252                         18  146
16.1857    xs16_39u0652z32                          16  141
16.243     xs16_2egu16426                           16  138
16.2018    xs16_25a8c826zw33                        17  127
16.822     xs16_8ehikozw56                          16  114
16.2445    xs16_ciligzx254c                         16  106
16.1787    xs16_069m4koz311                         16  105
16.1991    xs16_8e1qbzx1252                         17  99
16.953     xs16_0cil56z6221                         16  99
16.1929    xs16_0g5r8b5z121                         16  99
16.15      xs16_178c1f84c                           17  85
16.2295    xs16_0g8go8brz23                         24  77
16.155     xs16_3pabp46                             18  73
16.1694    xs16_4a5p6o8zx121                        19  66
16.1847    xs16_39c8a52z033                         17  64
16.628     xs16_kc32qkz0113                         28  63
16.1954    xs16_8kk31e8z065                         21  62
16.731     xs16_3iajkcz23                           28  58
16.836     xs16_4aajkczx56                          16  58
16.833     xs16_0mp2sgz1243                         20  57
16.616     xs16_i5pajoz11                           17  54
16.640     xs16_c9bkkozw32                          17  50
16.801     xs16_08eharz321                          19  43
16.1904    xs16_8u164koz32                          31  42
16.230     xs16_178jd2ko                            19  39
16.2132    xs16_0g8it2sgz23                         17  39
16.1106    xs16_0iu0dbz641                          25  37
16.1691    xs16_4a9l6o8zx121                        26  35
16.2201    xs16_0ggml96z641                         18  35
16.1304    xs16_0okih3zc8421                        16  32
16.1391    xs16_ca168ozc8421                        16  32
16.929     xs16_3iaj2ak8zw1                         31  30
16.1994    xs16_0g9fgka4z121                        16  28
16.1846    xs16_25a8c93zw33                         22  27
16.856     xs16_kc32acz1252                         16  24
16.623     xs16_o5r8jdz01                           25  23
16.914     xs16_8kkja952zx1                         18  23
16.227     xs16_5b8r5426                            17  23
16.1702    xs16_4a5p68ozx121                        23  19
16.1791    xs16_03lkaa4z3201                        20  19
16.706     xs16_39s0qmz023                          24  17
16.1766    xs16_kc321e8z123                         16  17
16.350     xs16_312461tic                           16  15
16.621     xs16_g5r8jdz11                           23  14
16.723     xs16_i5p64koz11                          20  14
16.1962    xs16_4a9eg8ozw65                         20  14
16.2219    xs16_0oe12koz643                         16  14
16.786     xs16_3pa3ia4zw11                         28  13
16.1034    xs16_3lkaa4z065                          24  13
16.1323    xs16_031e8gzc9311                        29  12
16.278     xs16_32qj43146                           28  12
16.1790    xs16_178cia4z0321                        18  12
16.803     xs16_c9bk46z311                          17  12
16.724     xs16_j5o64koz11                          16  11
16.1758    xs16_4a4o796zw121                        17  10
16.682     xs16_69j0j9czx11                         33  9
16.996     xs16_2lm853z056                          16  9
16.3163    xs16_wo443123zbd                         17  8
16.838     xs16_ci9b8ozw56                          16  8
16.872     xs16_2lla8oz065                          20  7
16.1995    xs16_cik8a52z065                         18  7
16.1127    xs16_giligoz104a4                        20  6
16.2322    xs16_raak8zx1252                         16  6
16.2630    xs16_31e8gzxo9a6                         16  6
16.147     xs16_32qjap3                             32  5
16.3227    xs16_31e8gzy012ego                       27  5
16.1753    xs16_695q4gozw23                         21  5
16.772     xs16_3h4e1daz011                         16  5
16.778     xs16_69la8oz321                          34  4
16.151     xs16_64kr2pm                             28  4
16.713     xs16_o8bap3z23                           24  4
16.3066    xs16_4a9jzx12ego                         23  4
16.2058    xs16_69akg4czx146                        20  4
16.926     xs16_3iajc4gozw1                         18  4
16.762     xs16_jhke1e8z1                           16  4
16.1080    xs16_3lo0kcz3421                         16  4
16.2029    xs16_25ao4a4z2521                        16  4
16.890     xs16_696ki6zw641                         34  3
16.889     xs16_696ki6zx65                          29  3
16.828     xs16_4alhe8z0641                         25  3
16.354     xs16_35s26zbd                            23  3
16.358     xs16_321fgc2ko                           19  3
16.1107    xs16_02egdbz2521                         18  3
16.1911    xs16_69q3213z32                          18  3
16.1105    xs16_gie0dbz146                          17  3
16.1685    xs16_c48n98czx23                         17  3
16.1867    xs16_069q453z311                         17  3
16.1882    xs16_259m453zx23                         17  3
16.1710    xs16_4a9bk46zx32                         16  3
16.2030    xs16_0i5q8a52z121                        16  3
16.2305    xs16_6413ia4z6421                        16  3
16.220     xs16_3123qajo                            29  2
16.349     xs16_35s26z39c                           28  2
16.1901    xs16_08obap3z32                          25  2
16.300     xs16_9fg4czbd                            23  2
16.2096    xs16_wck5b8oz311                         21  2
16.745     xs16_39qb8oz32                           19  2
16.380     xs16_4a40vh248c                          17  2
16.875     xs16_4a5pa4z2521                         17  2
16.771     xs16_69qb8oz32                           16  2
16.840     xs16_c8idiczw56                          16  2
16.1675    xs16_xj96z0mdz32                         16  2
16.1720    xs16_4a4o79ozx121                        16  2
16.2204    xs16_0gilla4z641                         16  2
16.1721    xs16_64kb2acz032                         34  1
16.1979    xs16_4ap30ga6zw121                       27  1
16.930     xs16_3iaj21e8zw1                         25  1
16.1064    xs16_39m88cz6221                         24  1
16.825     xs16_4alhe8zw65                          22  1
16.2313    xs16_08u16853z32                         22  1
16.218     xs16_3pajc48c                            21  1
16.1682    xs16_8k9bkk8zw23                         21  1
16.712     xs16_3pc0qmzw23                          20  1
16.1073    xs16_3lkaa4z641                          20  1
16.1912    xs16_at16426z32                          19  1
16.2050    xs16_6ik8a52z065                         19  1
16.2162    xs16_0at16426z32                         19  1
16.1711    xs16_c8idik8z023                         18  1
16.2025    xs16_069q48cz2521                        18  1
16.2447    xs16_0g8it248cz23                        18  1
16.2480    xs16_3iaczw1139c                         18  1
16.843     xs16_4a9liczx56                          17  1
16.1715    xs16_64p784czw23                         17  1
16.2861    xs16_ol3zw343146                         17  1
16.3164    xs16_wo443146zbd                         17  1
16.104     xs16_0j5ozj4pz11                         16  1
16.593     xs16_3123c48gka4                         16  1
16.1085    xs16_3h4e12koz011                        16  1
16.1864    xs16_31ke1e8z032                         16  1
16.2317    xs16_cik8a52z641                         16  1
16.217     xs16_3146pajo                            26  0
16.1077    xs16_69m88cz6221                         26  0
16.1139    xs16_kq23z124871                         25  0
16.1398    xs16_g88c93zc952                         25  0
16.1084    xs16_31ke12kozw11                        21  0
16.1693    xs16_8k8aliczw23                         21  0
16.2555    xs16_4a9jzxpia4                          20  0
16.2200    xs16_06agc93z2521                        19  0
16.2307    xs16_6ik8a52z641                         19  0
16.2316    xs16_0at16413z32                         19  0
16.600     xs16_6421344og84c                        18  0
16.1130    xs16_oe12koz01ac                         18  0
16.1558    xs16_3loz1226io                          18  0
16.558     xs16_1784c842ak8                         17  0
16.697     xs16_db079ozx32                          17  0
16.1097    xs16_ck0ol3z643                          17  0
16.1276    xs16_3iakgozw1ac                         17  0
16.1373    xs16_32q4goz4a43                         17  0
16.1871    xs16_5bo8ge2z32                          17  0
16.1905    xs16_8u16853z32                          17  0
16.2045    xs16_25ao8ge2z032                        17  0
16.2356    xs16_25icggozx1ac                        17  0
16.2467    xs16_0kc3213z34a4                        17  0
16.2763    xs16_ol3zw343123                         17  0
16.115     xs16_0ol3z0mdz32                         16  0
16.302     xs16_5b8o642ac                           16  0
16.1068    xs16_3lo0kcz6421                         16  0
16.1581    xs16_8o6413zrm                           16  0
16.1583    xs16_4a9jzxha6zx11                       16  0
16.1796    xs16_0bt06ioz32                          16  0
16.1959    xs16_4ai31e8zx56                         16  0
16.2028    xs16_25ao48cz2521                        16  0
16.2124    xs16_0g8jd2koz23                         16  0
16.2129    xs16_0g8jt246z23                         16  0
16.2190    xs16_032q4goz6413                        16  0
16.2214    xs16_0mq0c93z641                         16  0
16.2323    xs16_ra248goz056                         16  0
16.2549    xs16_g4c3213zdb                          16  0
16.2781    xs16_wj9c826z6221                        16  0
16.3032    xs16_1784ozx342sg                        16  0
